qvalue[0][0]:0.0
qvalue[0][1]:0.0
qvalue[0][2]:0.0
qvalue[0][3]:0.0
qvalue[1][0]:-2.8977751
qvalue[1][1]:-1.4417063659
qvalue[1][2]:-2.071
qvalue[1][3]:-5.06609359890
qvalue[2][0]:-2.0791
qvalue[2][1]:-1.51770767041
qvalue[2][2]:-2.978119
qvalue[2][3]:-1.30841697263
qvalue[3][0]:-1.0
qvalue[3][1]:-7.51652329141
qvalue[3][2]:-1.0624681
qvalue[3][3]:-1.37798659
qvalue[4][0]:-4.657995253
qvalue[4][1]:-5.59961029
qvalue[4][2]:-0.40951
qvalue[4][3]:-2.231461
qvalue[5][0]:0.0
qvalue[5][1]:-0.19
qvalue[5][2]:-0.1
qvalue[5][3]:-1.0
qvalue[6][0]:-1.9
qvalue[6][1]:-0.54463591
qvalue[6][2]:-1.0
qvalue[6][3]:-0.19
qvalue[7][0]:-3.940399
qvalue[7][1]:-0.619309
qvalue[7][2]:-2.25463591
qvalue[7][3]:-0.361
qvalue[8][0]:-1.00192120831
qvalue[8][1]:-4.90099501
qvalue[8][2]:-0.611209
qvalue[8][3]:-0.62563591
qvalue[9][0]:-0.82765639
qvalue[9][1]:-2.167309
qvalue[9][2]:-0.845299
qvalue[9][3]:-2.9701
qvalue[10][0]:-0.1
qvalue[10][1]:0.0
qvalue[10][2]:0.0
qvalue[10][3]:-1.0
qvalue[11][0]:0.0
qvalue[11][1]:0.0
qvalue[11][2]:0.0
qvalue[11][3]:0.0
qvalue[12][0]:0.0
qvalue[12][1]:0.0
qvalue[12][2]:0.0
qvalue[12][3]:0.0
qvalue[13][0]:-1.13391739
qvalue[13][1]:-1.14323401
qvalue[13][2]:-2.9701
qvalue[13][3]:-3.2178871
qvalue[14][0]:-0.523
qvalue[14][1]:-3.940399
qvalue[14][2]:-0.58051
qvalue[14][3]:-1.012597939
qvalue[15][0]:0.0
qvalue[15][1]:0.0
qvalue[15][2]:0.0
qvalue[15][3]:0.0
qvalue[16][0]:0.0
qvalue[16][1]:0.0
qvalue[16][2]:0.0
qvalue[16][3]:0.0
qvalue[17][0]:0.0
qvalue[17][1]:0.0
qvalue[17][2]:0.0
qvalue[17][3]:0.0
qvalue[18][0]:-3.058309
qvalue[18][1]:-0.5149
qvalue[18][2]:-0.19
qvalue[18][3]:-1.99
qvalue[19][0]:-1.14323401
qvalue[19][1]:-1.0
qvalue[19][2]:-1.0
qvalue[19][3]:-0.77304781
qvalue[20][0]:0.0
qvalue[20][1]:0.0
qvalue[20][2]:0.0
qvalue[20][3]:0.0
qvalue[21][0]:0.0
qvalue[21][1]:0.0
qvalue[21][2]:0.0
qvalue[21][3]:0.0
qvalue[22][0]:0.0
qvalue[22][1]:0.0
qvalue[22][2]:0.0
qvalue[22][3]:0.0
qvalue[23][0]:-0.46524781
qvalue[23][1]:-0.1
qvalue[23][2]:-1.0
qvalue[23][3]:-1.0
qvalue[24][0]:-1.0
qvalue[24][1]:-1.9
qvalue[24][2]:-2.71
qvalue[24][3]:-0.1
